-20130214113915
-20130214113934
-20130214114026
-20130214114033
-20130214114035
-20130214114040
-20130214114519
-20130214115120
-20130214115123
-20130214115145
-20130214115147
-20130214115246
-20130214115259
-20130214115334
-20130214115351
-20130214115400
-20130214115403
-20130214115543
-20130214115601
-20130214115646
-20130214115648
-20130214115706
-20130214115725
-20130214115735
-20130214115738
-20130214115742
-20130214115744
-20130214115746
-20130214115753
-20130214115755
-20130214115756
-20130214123456
-20130214123521
-20130214125240
-20130214125245
-20130214125248
-20130214125249
-20130214125253
-20130214125255
-20130214125301
-20130214125304
-20130214125331
-20130214125335
-20130214125453
-20130214125456
-20130214125457
-20130214125509
-20130214164024
-20130214164044
-20130214164056
